142 139 163 258 135 28 102 -188 184 -32
130 -322 345 -157 -2 144 -127 -215 101 305
163 192 92 232 -231 -136 278 32 183 264
97 -167 61 97 154 15 370 120 95 -60
-209 0 125 -200 3 6 -17 31 -83 15
-170 110 80 -116 -29 -283 381 56 -31 -29
-23 76 93 -234 -69 -349 63 -85 16 111
292 -162 -359 -259 406 -214 146 -13 578 -163
-159 190 210 288 297 -145 -151 186 130 -85
155 80 -201 242 174 102 159 -518 -70 345
57 70 178 -358 33 91 34 3 -186 183
157 -217 118 64 -122 161 156 -141 240 30
57 -144 -3 -101 68 51 149 -75 -157 230
133 214 -243 108 -104 165 90 87 -231 167
210 -270 -22 9 -12 98 117 -27 361 127
139 79 -12 -23 -71 42 223 -134 215 85
-264 123 -202 -124 129 -115 91 145 -215 192
13 17 -62 -23 -181 34 -6 -38 -221 71
162 294 144 109 -82 144 -119 -268 -74 -24
-105 268 230 57 217 -72 -136 -5 -157 -248
-11 0 -107 215 110 -116 -7 -23 -115 -2
283 -147 -454 186 82 -32 -42 22 -403 -110
165 -176 -455 84 -91 113 9 -210 -66 -10
322 -176 -401 -391 503 177 43 28 343 33
90 -209 -388 123 175 128 -269 9 388 -134
77 83 -76 -139 282 143 -30 -135 46 -171
198 381 16 -99 158 272 -146 -218 100 -338
42 33 -249 154 -68 -369 -185 12 -114 -390
115 149 -29 167 92 -207 87 215 -91 127
149 -202 -284 6 99 -66 -352 200 -141 6
299 -417 -387 78 61 154 64 205 27 -94
77 195 37 -70 155 411 53 36 216 52
220 126 125 274 -197 -101 228 121 262 23
-223 -139 412 45 385 296 -66 77 -15 -274
18 31 269 235 93 265 -11 131 120 -73
88 101 106 355 53 57 4 279 6 97
-279 -217 145 149 237 -235 44 -28 261 109
-20 -27 136 16 92 -140 200 -86 356 -206
-7 57 11 -407 153 298 12 220 32 -172
92 -2 -163 -127 240 -86 142 92 -242 -5
229 -148 -272 -177 97 130 -189 109 220 27
76 -221 -145 -169 60 446 16 218 -14 14
-466 -295 -46 290 -21 191 -20 -144 365 85
-297 -115 -67 404 203 -127 -382 323 158 229
-404 61 81 10 156 192 -2 58 157 -131
-131 -70 -26 -8 188 286 162 182 -67 -218
111 58 -221 -282 -181 179 372 -108 321 -325
260 23 177 -166 0 127 -482 138 346 -139
-248 14 24 -345 -66 137 163 68 -151 122
100 -39 108 -189 62 -16 -329 -70 62 -15
-131 204 -204 7 -282 -24 -107 -51 -93 157
-93 7 182 98 14 -54 -16 263 295 358
7 -70 184 201 123 123 -183 -126 -51 62
-144 98 256 165 -329 -87 144 -368 -75 216
-86 -148 -91 16 -337 129 287 47 -9 57
-203 105 138 204 -359 -170 -422 -271 -78 -113
228 -330 -29 64 -289 -270 231 253 -213 270
-202 151 155 -41 -78 141 485 -138 221 97
-174 80 44 -87 -35 -208 391 -40 48 -27
252 120 -55 53 -239 -81 269 -286 92 113
52 -152 -158 -7 -317 181 231 -173 -94 -119
71 -193 -105 150 -186 -116 -93 -164 65 7
-22 -339 136 -3 -136 -87 -145 -299 -16 269
-194 122 307 288 -326 -213 -372 -259 -106 -26
